1	1	1	1	1	1	1	1	1	1	1	1	1	1	1	1	1	1	1	1	1	1	1	1	1	1	1	1	1	1	1	1	1	1	1	1	1	1	1	1	1	1	1	1	1	1	1	1	1	1	1	1	1	1	1	1	1	1	1	1	1	1	1	1	1	1	1	1	1	1	1	1	1	1	1	1	1	1	1	1	1	1	1	1	1	1	1	1	1	1	1	1	1	1	1	1	1
1	303	361	269	369	184	385	79	5	74	206	6	248	7	164	35	125	171	49	236	97	272	290	66	294	326	344	380	208	93	69	77	112	252	122	91	180	245	11	30	348	36	157	210	249	119	275	169	13	343	178	80	302	262	256	365	335	325	42	67	221	143	85	25	176	121	78	58	16	278	96	73	289	94	175	17	102	193	55	129	113	142	223	150	76	65	81	327	283	321	187	370	216	330	337	345	159
1	361	380	93	102	159	17	208	6	252	119	81	330	91	256	157	216	249	112	129	206	58	74	150	125	42	302	180	11	5	303	327	236	325	73	25	77	283	290	97	221	337	80	269	335	344	326	16	385	78	169	178	13	66	275	210	187	245	369	96	49	7	121	36	175	76	65	142	289	171	69	35	223	343	164	85	272	348	184	370	94	176	248	193	30	365	113	294	55	278	143	345	67	122	321	262	79
1	269	93	187	79	344	178	13	7	121	122	91	275	348	245	102	343	345	125	67	330	11	85	380	94	184	35	5	385	143	210	81	216	76	42	221	6	97	17	248	327	112	272	335	262	73	55	176	80	321	142	58	157	361	283	249	66	30	159	65	294	193	16	49	252	289	278	290	175	370	365	369	164	337	325	169	208	77	119	96	36	74	256	180	223	171	25	113	206	129	150	69	78	326	236	303	302
1	369	102	79	66	303	6	380	11	294	365	290	278	17	236	187	164	119	289	248	65	193	327	157	175	345	269	272	180	208	42	142	223	125	249	85	58	67	77	78	169	76	143	159	344	210	370	25	5	245	91	7	93	35	129	184	302	216	262	275	16	385	113	121	49	94	283	348	36	206	326	335	337	325	112	81	150	178	69	330	252	221	321	80	343	55	74	176	96	97	13	122	256	171	30	73	361
1	184	159	344	303	365	143	269	13	81	278	385	236	80	125	262	252	330	176	164	321	380	6	369	74	96	249	79	93	302	55	11	175	113	370	178	208	343	5	337	58	16	66	119	122	171	67	348	187	76	193	150	335	42	216	206	73	94	69	245	142	157	91	169	327	25	30	180	221	248	283	345	49	121	294	7	361	272	65	256	85	77	112	102	36	97	17	290	78	223	35	275	325	129	289	326	210
1	385	17	178	6	143	49	91	16	321	66	289	303	175	365	77	206	102	283	184	262	113	337	290	97	93	193	85	25	169	13	76	55	278	380	164	121	249	36	345	325	275	327	80	272	150	269	216	221	122	125	294	348	11	210	157	58	171	5	344	245	176	236	256	78	129	73	94	67	369	302	180	96	330	65	112	81	252	187	159	248	343	69	74	370	35	223	30	335	42	142	79	119	361	326	208	7
1	79	208	13	380	269	91	5	17	94	249	85	370	169	67	150	245	73	164	275	171	77	113	272	325	303	187	11	6	385	159	74	256	343	262	16	290	65	81	278	176	223	193	302	35	335	69	49	7	97	221	348	143	102	96	344	157	78	361	55	175	178	36	289	125	337	206	327	112	122	184	66	236	30	216	25	180	142	210	326	76	294	129	58	321	119	121	252	365	330	80	42	283	345	248	369	93
1	5	6	7	11	13	16	17	25	30	35	36	42	49	55	58	65	66	67	69	73	74	76	77	78	79	80	81	85	91	93	94	96	97	102	112	113	119	121	122	125	129	142	143	150	157	159	164	169	171	175	176	178	180	184	187	193	206	208	210	216	221	223	236	245	248	249	252	256	262	269	272	275	278	283	289	290	294	302	303	321	325	326	327	330	335	337	343	344	345	348	361	365	369	370	380	385
1	74	252	121	294	81	321	94	30	365	7	97	150	248	361	49	159	178	42	102	143	216	65	175	184	77	25	325	343	76	290	283	369	210	348	330	245	93	78	187	275	73	112	85	169	91	180	370	337	302	129	236	36	176	380	17	16	269	327	208	326	223	171	122	69	249	13	67	345	80	11	221	262	344	303	278	125	256	6	272	119	96	66	164	335	385	206	55	5	157	289	58	79	193	35	142	113
1	206	119	122	365	278	66	249	35	7	236	157	125	102	113	69	85	256	290	252	112	269	143	184	17	78	370	344	335	73	97	13	74	91	67	272	302	36	187	49	208	142	303	330	275	129	343	180	262	16	380	361	345	55	94	248	326	25	65	76	11	369	193	58	6	348	289	93	77	164	30	96	327	169	81	150	210	79	321	325	178	5	294	159	221	223	80	385	337	175	42	245	121	216	176	283	171
1	6	81	91	290	385	289	85	36	97	157	337	369	112	184	142	365	150	96	303	35	252	30	327	65	208	178	113	121	25	5	343	69	206	272	236	94	344	76	73	216	370	176	7	193	80	79	256	16	249	164	175	169	77	159	143	348	119	11	269	67	49	248	129	283	330	335	325	275	66	93	58	326	171	55	223	74	125	13	361	278	245	42	294	122	187	321	78	302	262	221	380	210	102	345	180	17
1	248	330	275	278	236	303	370	42	150	125	369	113	159	91	65	178	325	385	85	294	249	66	206	80	337	67	122	345	326	223	35	17	193	343	79	73	221	262	327	302	11	365	256	245	216	36	93	69	142	269	210	96	97	25	164	283	348	321	16	13	184	380	208	143	180	176	335	5	252	289	78	6	58	7	361	171	344	112	121	272	187	81	119	77	175	102	157	49	74	55	76	169	94	290	30	129
1	7	91	348	17	80	175	169	49	248	102	112	159	125	119	290	171	380	65	210	369	121	223	81	278	13	58	25	16	221	143	337	365	330	208	216	36	73	289	42	343	96	74	193	180	272	302	245	176	345	325	252	142	6	344	150	77	122	385	335	78	294	256	67	97	275	262	76	283	361	187	11	55	370	206	164	85	94	157	269	129	30	184	113	326	66	236	321	35	303	327	93	249	79	69	5	178
1	164	256	245	236	125	365	67	55	361	113	184	91	119	193	321	272	121	157	178	81	370	303	248	102	49	343	275	96	283	175	42	80	380	36	344	326	77	69	6	73	13	278	325	76	94	221	335	65	11	249	171	78	223	348	252	30	180	112	142	35	206	269	302	66	93	290	345	187	85	176	337	143	208	150	210	129	122	294	169	79	262	7	330	5	74	159	369	327	17	97	16	58	25	385	289	216
1	35	157	102	187	262	77	150	58	49	69	142	65	290	321	93	223	184	76	97	96	7	221	13	289	249	361	80	193	272	73	169	30	112	210	74	178	129	348	67	85	325	5	369	159	303	171	113	180	256	81	6	380	302	278	42	79	236	335	330	121	11	294	252	36	125	275	91	94	55	122	269	343	164	337	327	143	17	345	206	175	25	78	385	216	326	176	16	370	283	208	119	248	365	245	344	66
1	125	216	343	164	252	206	245	65	159	85	365	178	171	272	223	380	25	66	193	17	275	184	236	361	176	76	67	283	78	294	69	150	79	16	249	96	11	55	385	345	187	248	94	36	121	142	73	97	5	122	330	30	112	58	113	337	208	175	77	262	278	344	335	369	302	6	326	35	91	327	289	157	93	102	119	256	370	74	348	269	42	80	129	13	81	210	303	290	7	321	221	180	169	143	49	325
1	171	249	345	119	330	102	73	66	178	256	150	325	380	121	184	25	67	81	94	164	302	80	210	91	97	326	335	35	262	278	143	113	169	283	180	187	289	157	175	5	327	159	370	96	275	30	11	369	49	208	79	42	365	76	129	69	16	206	337	6	361	58	77	17	142	112	13	290	216	321	55	74	221	85	272	344	93	248	343	348	385	252	269	176	236	193	7	223	125	303	78	36	245	294	65	122
1	49	112	125	289	176	283	164	67	42	290	96	385	65	157	76	66	81	335	143	11	248	326	337	262	169	252	236	256	216	221	370	187	369	85	365	129	272	275	208	171	269	30	294	113	74	178	119	245	380	206	97	325	36	80	327	94	102	16	193	249	78	184	210	73	159	180	330	344	6	348	121	302	361	35	55	223	278	142	7	303	122	13	321	79	77	69	345	58	5	343	91	150	17	93	25	175
1	236	129	67	248	164	184	275	69	102	252	303	85	210	178	97	193	94	143	91	74	122	369	278	150	289	245	370	326	96	112	262	7	272	76	269	345	142	42	290	335	5	206	216	343	325	16	302	55	77	344	119	283	321	169	125	78	58	223	221	187	365	79	93	157	208	327	73	13	113	49	30	385	180	80	159	330	249	175	25	380	35	17	171	11	294	361	66	176	81	65	36	348	121	6	337	256
1	97	206	330	65	321	262	171	73	143	112	35	294	369	81	96	17	164	11	74	49	210	187	55	385	343	129	119	249	122	30	302	290	7	216	102	344	25	335	221	79	58	69	248	256	236	94	380	345	169	361	303	370	283	113	223	275	91	78	121	208	42	150	272	5	193	16	269	180	175	76	67	77	178	6	66	365	159	337	252	80	93	327	184	348	289	157	13	36	176	326	325	85	125	142	245	278
1	272	58	11	193	380	113	77	74	216	269	252	249	121	370	7	275	302	248	122	210	221	125	178	256	66	5	142	327	290	102	175	330	67	187	76	176	69	294	365	289	97	91	208	13	93	262	337	81	55	36	25	6	80	345	79	385	96	150	42	223	85	343	30	236	78	184	49	321	344	369	143	278	283	129	94	348	16	361	73	245	112	171	169	65	159	325	164	303	119	17	35	326	335	206	157	180
1	290	74	85	327	6	337	113	76	65	143	30	66	223	303	221	184	80	326	369	187	125	78	176	55	180	91	252	94	121	11	245	42	365	193	248	325	269	343	335	256	122	49	17	178	7	380	129	36	344	236	112	25	142	361	385	169	210	77	79	275	289	278	330	96	171	302	216	370	157	208	348	345	119	69	321	294	164	5	102	206	67	262	175	249	13	97	283	93	35	16	272	159	150	73	58	81
1	66	150	380	157	369	290	272	77	175	184	327	206	81	248	13	236	210	337	278	55	178	176	143	112	73	79	193	58	180	262	221	321	164	344	113	348	275	142	283	25	343	385	361	269	159	122	121	11	67	85	17	208	187	330	303	93	256	35	370	36	6	252	94	289	325	96	169	76	365	345	302	30	216	223	74	80	91	42	171	125	16	97	7	245	69	294	49	326	65	5	249	129	119	78	335	102
1	294	125	94	175	74	97	325	78	184	17	65	80	278	102	289	361	91	262	150	385	256	55	112	303	142	121	216	245	343	327	96	66	159	169	171	67	208	283	13	370	335	223	113	25	85	58	122	30	93	330	248	76	49	272	81	36	79	176	180	345	321	119	249	42	344	5	275	73	7	77	16	35	269	369	206	164	129	290	193	210	326	157	236	302	6	365	69	11	143	337	348	380	178	187	221	252
1	326	42	184	345	96	93	303	79	77	78	208	337	13	49	249	176	97	169	289	343	66	180	73	142	129	365	369	361	159	275	272	16	327	278	385	102	125	380	94	80	85	335	55	206	65	236	7	269	252	143	187	210	122	112	283	119	294	370	164	178	302	6	17	348	81	325	150	91	30	256	171	25	74	221	5	262	157	67	223	290	193	36	35	113	245	11	58	216	76	344	248	175	321	121	330	69
1	344	302	35	269	249	193	187	80	25	370	178	67	58	343	361	76	326	252	245	129	5	91	79	121	365	262	13	143	157	119	17	325	36	69	142	385	321	7	236	290	175	380	73	42	345	65	327	150	223	77	180	66	159	78	122	369	337	210	97	74	272	221	176	113	49	248	6	294	275	206	303	125	289	94	348	93	11	171	283	16	81	216	208	112	330	169	85	278	256	102	55	30	96	164	184	335
1	380	180	5	272	79	85	11	81	325	344	113	122	25	275	80	67	335	236	370	119	142	252	193	216	369	13	77	290	6	361	294	129	245	35	36	327	55	74	206	49	321	178	93	187	302	42	289	17	65	16	169	385	150	326	269	143	283	102	69	112	91	76	337	164	30	365	176	223	249	303	157	248	78	256	121	58	221	159	345	343	175	330	348	97	210	94	125	184	171	7	262	96	73	278	66	208
1	208	11	385	180	93	25	6	85	343	335	121	345	16	96	193	283	35	256	326	249	327	94	58	245	361	143	290	81	17	79	252	275	78	66	289	74	365	113	171	175	248	348	13	157	187	303	112	91	206	49	221	7	272	69	302	80	65	380	184	164	169	337	223	216	321	119	294	236	73	159	150	129	97	67	36	77	176	269	42	30	125	370	142	278	344	76	325	210	122	178	369	55	262	330	102	5
1	93	5	143	208	302	169	385	91	76	73	25	326	221	283	272	78	262	216	96	122	290	121	180	343	159	157	6	17	7	269	113	67	30	369	49	81	206	85	330	294	236	58	187	66	35	184	175	178	278	176	142	80	380	55	335	150	97	79	365	125	348	289	112	325	223	171	74	164	345	210	102	256	321	245	16	11	327	344	69	337	252	275	77	248	249	36	94	119	370	193	303	65	42	129	361	13
1	69	303	210	42	55	13	159	93	290	97	5	223	143	175	73	294	278	221	112	30	102	11	262	327	275	119	361	79	269	96	180	49	74	330	7	380	325	208	76	193	25	35	365	171	206	256	178	302	94	80	157	344	345	164	65	249	252	326	216	348	187	17	91	142	85	343	272	169	321	67	122	16	113	176	385	369	150	283	236	81	58	289	66	121	78	6	77	245	337	335	129	125	248	36	370	184
1	77	327	81	142	11	76	74	94	283	13	343	35	337	42	169	69	143	370	262	302	175	245	221	96	272	17	294	252	113	180	216	345	55	80	321	125	159	325	344	236	171	16	6	7	385	102	248	121	210	223	289	85	348	369	5	91	184	58	361	129	36	97	278	275	206	269	164	330	187	380	178	122	365	326	30	176	112	208	66	65	256	73	49	119	93	78	67	79	335	25	150	303	157	249	193	290
1	112	236	216	223	175	55	256	96	369	74	69	17	365	80	30	150	113	187	7	290	330	42	321	66	16	325	129	275	67	49	345	143	102	121	210	370	58	326	11	249	93	97	125	94	252	169	344	283	180	119	206	245	337	178	294	343	272	289	348	335	65	159	269	35	79	77	122	302	81	221	76	13	380	157	184	248	171	176	91	361	73	385	278	208	327	303	262	142	6	78	25	193	85	5	36	164
1	252	325	76	125	113	278	343	97	210	91	206	193	330	380	112	79	169	369	272	7	67	365	164	159	327	36	245	78	30	74	55	102	269	221	122	283	5	65	143	326	35	236	121	16	25	77	345	321	13	370	129	337	175	180	85	289	93	294	11	42	248	249	73	303	335	385	96	262	178	290	49	66	302	361	171	216	275	81	58	344	69	150	256	187	17	119	184	6	80	223	142	208	348	157	176	94
1	122	73	42	249	370	380	262	102	348	67	272	343	208	36	210	16	283	85	76	216	187	193	344	169	278	69	35	66	369	330	80	121	221	65	11	157	112	150	125	385	74	269	326	55	96	321	6	361	175	5	93	303	119	337	275	184	49	171	223	17	79	77	290	91	327	164	143	81	245	248	365	113	176	25	180	335	13	129	30	142	7	94	302	294	256	58	178	236	325	159	97	289	78	252	206	345
1	91	25	221	85	178	164	16	112	330	272	236	79	216	344	74	249	180	365	269	102	76	248	113	171	385	142	36	289	49	7	321	210	122	11	67	337	35	223	369	78	69	252	348	77	58	13	283	175	262	245	325	176	81	302	193	327	73	17	187	65	125	275	96	206	326	66	30	55	380	143	290	184	345	119	256	121	343	80	93	370	97	159	94	42	150	129	278	157	361	294	5	335	208	303	6	169
1	180	77	6	58	208	121	290	113	245	302	94	73	36	326	178	96	187	129	345	344	176	325	348	67	102	385	327	74	81	380	125	370	283	157	337	294	184	252	119	112	278	169	5	143	13	369	223	85	365	289	16	17	193	42	93	7	55	272	303	236	25	30	321	256	97	210	175	248	335	361	80	330	65	275	76	142	49	79	262	78	164	122	221	206	269	343	216	159	249	91	66	69	35	171	150	11
1	245	283	97	67	343	249	65	119	93	36	344	221	73	77	129	11	289	272	142	25	69	269	275	208	125	321	55	365	206	325	159	58	5	112	35	184	81	210	91	369	80	370	30	223	337	294	66	171	17	262	345	278	256	327	76	248	6	216	74	102	122	187	157	380	143	85	303	150	16	252	236	193	385	180	335	96	42	94	176	13	361	348	326	7	121	302	79	113	169	330	175	290	49	178	164	78
1	11	290	17	77	5	36	81	121	78	187	76	262	289	69	348	55	157	275	42	335	294	343	142	283	380	7	74	113	85	208	325	326	65	150	223	252	210	94	249	164	330	221	385	80	143	361	236	25	119	112	49	91	58	303	13	178	365	180	159	256	16	321	248	67	278	344	125	129	35	79	193	370	206	96	337	327	175	93	369	97	216	345	176	171	302	30	245	269	73	169	102	184	66	122	272	6
1	30	97	248	78	337	345	278	122	187	49	73	327	42	6	67	385	175	208	290	221	365	335	283	13	94	236	206	171	330	76	344	11	143	125	369	119	91	249	348	159	272	96	223	164	112	113	361	370	178	303	69	129	245	81	289	256	7	343	85	79	326	66	102	93	150	169	210	380	176	121	216	180	80	5	262	65	184	36	74	157	269	77	55	193	16	35	302	25	142	275	252	17	294	58	325	321
1	348	221	327	169	58	325	176	125	275	208	216	302	343	73	85	345	5	171	335	79	289	256	25	370	80	290	49	175	294	193	236	249	326	385	78	112	369	164	159	321	365	121	77	6	11	157	97	252	303	30	76	74	91	35	180	81	42	178	66	278	94	283	65	330	55	361	223	206	93	150	17	119	69	122	245	16	337	272	187	96	248	344	36	184	380	67	129	102	269	113	143	262	13	210	7	142
1	36	337	112	76	16	275	223	129	73	142	370	11	96	13	325	187	327	269	5	58	97	122	343	335	85	175	321	248	236	25	171	93	35	74	69	278	80	330	272	365	361	245	49	294	176	17	184	256	150	55	283	164	94	385	221	125	157	121	7	210	67	42	303	344	369	193	206	159	77	91	252	79	66	302	326	30	65	169	6	262	119	208	78	102	348	345	249	178	180	216	81	143	290	380	113	289
1	157	80	272	143	66	327	193	142	112	303	176	365	74	278	5	248	159	30	206	69	91	49	385	223	335	380	178	348	58	35	16	97	236	269	252	169	370	221	96	121	245	6	102	79	361	249	94	77	275	113	81	180	13	171	369	208	129	187	122	76	290	125	325	337	216	326	25	343	184	73	93	78	256	321	294	7	85	262	119	164	36	65	17	67	42	175	289	345	55	11	344	330	210	283	302	150
1	210	269	335	159	119	80	302	143	85	330	7	256	193	325	369	94	370	294	216	248	208	17	361	113	55	73	93	13	187	365	6	125	121	326	348	5	30	385	223	77	49	102	249	345	122	283	142	157	337	58	272	35	303	245	171	262	76	184	78	327	150	169	221	74	16	321	11	176	129	65	42	175	36	252	178	79	180	206	67	25	290	164	380	289	278	91	81	97	236	66	96	343	275	112	69	344
1	249	335	262	344	122	272	35	150	169	275	193	245	180	76	159	36	96	113	343	256	13	178	269	25	206	42	187	157	66	171	7	94	16	55	77	143	223	80	164	6	294	79	345	69	326	97	290	102	112	11	208	369	210	30	370	303	289	119	321	81	380	142	327	85	176	236	385	74	67	278	184	252	49	121	58	302	5	330	78	221	17	325	93	175	129	348	91	248	216	361	65	337	283	125	365	73
1	119	344	73	210	171	150	335	157	91	129	80	216	272	94	303	121	275	74	325	236	93	7	159	85	65	345	302	187	35	206	385	252	25	96	58	13	337	143	112	11	176	361	122	326	370	78	77	66	289	180	380	262	184	343	330	42	36	365	30	290	102	348	142	81	221	223	5	327	256	97	69	294	16	113	193	269	208	278	245	169	6	125	79	49	248	178	17	321	164	369	283	76	67	175	55	249
1	275	326	55	370	67	269	69	159	180	343	79	36	302	221	171	142	30	178	16	94	262	380	122	58	236	65	42	303	184	256	102	169	77	321	13	369	294	361	113	157	17	249	283	97	78	112	143	210	74	187	335	365	330	49	245	206	327	129	175	80	344	5	385	193	6	252	66	7	76	164	278	91	290	348	93	345	35	216	289	11	150	25	73	81	325	208	272	125	121	119	223	176	337	85	248	96
1	169	16	176	25	348	216	49	164	370	180	256	93	245	335	113	73	11	119	302	380	337	129	121	122	7	327	289	112	175	178	248	344	345	6	283	223	66	236	361	97	184	94	142	290	77	143	65	125	369	78	343	294	85	187	58	74	262	91	157	206	325	96	55	171	69	102	321	365	208	80	81	210	42	249	67	36	30	193	13	326	278	269	76	303	272	275	330	150	79	252	385	35	5	159	17	221
1	13	385	80	5	187	221	7	169	337	262	16	69	176	65	180	97	369	245	55	345	81	36	11	30	269	150	17	91	178	302	121	283	321	361	175	85	171	25	370	252	256	77	157	102	66	210	125	348	330	294	327	193	208	365	35	272	278	93	119	325	142	112	164	343	236	122	113	216	42	344	380	67	248	78	49	6	74	335	184	223	94	96	290	129	73	289	76	249	326	58	159	206	303	275	79	143
1	343	78	321	245	76	122	97	171	302	16	249	142	345	11	256	5	49	380	77	169	55	344	67	93	252	223	65	206	278	94	210	180	13	175	262	365	17	119	178	303	150	275	337	112	289	74	369	330	7	42	326	248	216	290	36	236	385	325	81	361	370	35	66	79	157	91	184	102	221	113	164	272	143	208	73	283	69	121	327	187	159	58	96	80	25	335	269	85	348	129	294	6	176	193	125	30
1	178	169	142	91	193	125	221	175	129	380	164	269	325	249	81	122	208	206	344	361	36	236	85	330	143	77	16	49	176	80	223	119	370	5	245	289	262	112	303	30	55	113	58	11	180	187	78	294	42	343	94	327	17	335	272	290	345	7	35	97	252	67	283	278	96	369	337	65	79	157	6	365	326	171	216	25	76	150	302	275	321	210	121	69	102	256	248	66	159	74	13	73	93	184	385	348
1	80	178	58	7	150	294	348	176	236	361	175	210	252	171	6	330	79	97	119	303	25	112	17	248	187	180	169	221	142	157	289	206	129	93	325	16	345	49	69	76	283	81	272	208	380	335	343	327	326	94	113	77	385	249	102	11	370	143	73	30	74	216	245	321	67	42	36	78	159	35	5	65	275	278	125	91	121	66	344	256	337	365	85	96	369	164	223	262	184	290	302	122	269	55	13	193
1	302	13	157	93	335	348	143	178	36	345	169	96	142	78	380	30	42	325	283	370	6	25	208	76	210	66	385	7	80	344	85	245	337	303	176	17	278	91	129	74	164	180	35	369	262	365	294	193	248	327	77	150	79	65	73	102	321	269	206	252	58	49	175	94	112	330	81	125	326	119	361	216	223	343	221	5	290	249	55	289	113	67	11	236	122	16	121	171	275	272	184	97	69	256	159	187
1	262	66	361	35	42	11	102	180	176	55	77	97	6	223	302	112	365	36	321	283	80	142	187	49	122	159	150	272	380	345	348	337	175	119	81	193	256	58	245	91	94	13	303	210	184	330	85	208	216	17	385	79	335	248	69	269	164	73	129	25	5	74	113	16	252	67	178	121	65	370	344	76	125	289	290	157	7	326	278	294	169	30	143	325	96	327	221	275	78	93	171	236	206	343	249	369
1	256	275	283	129	216	210	96	184	380	94	159	25	344	348	278	58	76	80	169	113	345	361	330	272	112	78	326	69	55	164	369	178	180	337	302	42	327	303	81	35	385	171	245	30	343	49	187	365	290	335	249	65	248	221	325	97	77	236	176	157	119	93	13	150	5	74	262	143	121	175	321	7	11	193	269	370	73	125	16	208	66	91	122	6	252	79	102	294	85	206	289	142	36	17	223	67
1	365	210	249	184	206	157	344	187	17	248	143	164	150	252	42	113	129	327	125	223	79	385	303	81	283	122	269	302	335	65	5	294	85	275	193	93	76	13	289	180	221	369	171	370	330	245	58	35	36	272	102	73	69	325	278	345	121	55	343	77	66	178	348	290	169	337	208	142	236	78	326	176	25	74	80	159	380	97	216	91	11	175	361	16	321	7	6	30	112	262	67	94	256	49	96	119
1	335	187	66	302	73	58	157	193	16	326	348	283	77	30	79	337	69	94	78	275	385	169	93	36	119	369	143	80	150	249	91	343	289	184	327	7	248	178	256	81	125	208	262	303	42	206	74	272	236	290	11	102	269	97	345	361	223	344	278	113	180	176	294	121	175	129	17	252	96	171	159	325	112	76	142	13	6	122	65	49	85	245	5	164	370	221	25	330	67	380	365	321	55	216	210	35
1	325	245	30	216	94	171	78	206	269	25	119	348	122	180	236	208	16	102	58	91	96	210	256	79	294	337	283	65	97	252	184	272	93	49	73	55	6	365	7	42	157	129	76	289	36	327	262	278	385	345	370	321	164	77	121	223	5	125	290	369	330	335	35	361	187	17	69	66	169	74	112	150	13	380	249	67	326	113	142	302	303	193	275	143	85	344	159	81	178	248	176	11	221	80	175	343
1	42	369	159	262	69	5	361	208	327	65	11	321	385	112	335	175	206	16	223	78	150	77	35	176	370	210	102	380	79	326	58	289	294	171	17	272	216	180	343	178	121	187	184	119	365	129	91	93	325	7	143	269	73	236	55	344	125	345	256	169	13	81	85	221	113	245	193	25	97	275	249	36	252	49	6	66	80	96	248	74	348	337	157	94	283	290	142	67	30	302	330	164	278	76	122	303
1	67	96	65	275	245	344	55	210	208	76	269	16	335	142	330	77	337	193	221	121	42	79	370	180	164	97	69	184	365	216	361	348	11	223	187	303	74	159	85	66	7	122	78	321	30	175	157	119	81	35	73	206	129	176	343	278	290	256	294	150	249	13	143	272	385	113	369	80	36	125	248	178	6	58	302	326	262	325	49	5	102	169	345	17	94	93	380	252	25	171	112	327	289	91	236	283
1	221	49	294	16	142	245	175	216	326	11	67	13	78	35	121	262	6	249	187	208	223	275	36	345	178	74	112	164	125	348	129	335	42	17	65	236	102	256	79	278	210	76	327	81	290	80	206	325	361	97	30	252	25	157	77	113	369	169	150	171	343	55	365	122	184	380	248	119	5	193	85	344	303	73	283	289	321	58	143	69	330	302	337	159	180	96	370	272	93	94	7	66	385	269	91	176
1	143	7	193	385	157	176	178	221	223	369	49	184	294	206	11	278	361	78	365	42	85	289	6	321	302	272	91	169	348	187	36	65	248	79	125	25	122	16	326	94	67	290	150	380	102	344	325	142	370	252	74	58	5	119	66	180	330	13	249	343	327	164	216	30	256	345	121	245	303	335	208	283	129	97	175	17	113	35	210	236	76	55	81	275	262	112	337	73	69	77	269	171	159	96	93	80
1	85	121	16	113	91	236	36	223	171	193	248	380	256	269	294	344	58	184	79	150	343	278	252	119	6	221	76	337	289	17	97	159	249	77	275	30	187	321	66	283	42	125	169	142	348	5	96	112	35	67	216	49	74	93	178	176	335	81	13	55	164	370	326	365	345	157	78	69	272	385	327	303	73	210	129	94	245	7	208	122	65	361	325	262	80	330	206	143	102	175	11	302	180	369	290	25
1	25	36	49	121	169	256	289	236	122	58	129	208	67	302	252	335	77	210	93	272	30	330	94	249	17	176	337	223	112	91	278	269	73	290	96	321	157	248	102	65	303	325	221	327	142	385	55	164	66	283	245	175	113	13	348	294	35	85	143	365	216	326	69	119	42	150	97	184	180	7	74	159	262	344	275	76	78	178	5	345	206	79	343	369	193	370	171	80	380	125	6	187	11	361	81	16
1	176	175	252	49	327	78	125	245	69	6	283	143	97	66	36	369	17	73	157	5	236	96	289	42	348	113	164	216	325	142	275	35	303	91	206	256	380	67	93	330	344	337	74	85	81	193	171	343	79	278	321	94	16	150	290	121	361	221	272	122	30	365	119	345	210	208	129	249	385	58	25	335	159	262	65	112	248	77	80	184	370	187	223	269	11	55	326	180	13	76	178	102	7	302	169	294
1	121	76	289	94	25	129	337	248	249	348	330	180	275	93	125	302	142	159	208	193	78	171	325	344	81	49	30	321	223	85	206	79	335	327	326	97	143	278	150	55	369	216	16	176	221	6	69	236	157	96	67	112	252	5	169	175	187	113	385	184	256	345	42	210	262	80	65	303	58	17	294	361	35	269	370	343	283	91	11	73	365	380	245	66	178	122	119	7	272	164	290	13	77	102	74	36
1	78	65	278	283	30	73	206	249	13	289	335	176	262	290	275	6	112	180	327	16	184	302	96	5	325	248	365	119	171	343	269	77	385	164	66	210	85	344	169	361	193	326	321	236	223	252	102	122	91	369	42	330	67	74	337	129	17	245	113	380	345	157	150	208	80	25	159	272	49	94	256	58	7	11	35	55	303	76	294	143	79	142	69	178	36	187	93	121	221	370	125	81	175	348	216	97
1	58	142	290	348	180	94	327	252	67	93	325	335	76	345	91	326	13	330	73	269	49	216	169	275	150	6	176	294	74	272	164	122	96	143	30	175	303	125	210	223	206	25	11	385	5	66	321	113	184	337	36	81	178	262	208	17	69	193	369	248	121	78	97	129	65	159	112	278	302	102	7	171	55	370	343	221	289	380	35	283	236	249	16	365	79	245	256	361	344	85	157	42	187	119	80	77
1	16	289	175	36	221	67	112	256	345	77	275	5	283	187	94	35	290	344	13	180	321	370	76	73	91	294	223	236	164	169	330	302	262	81	55	248	150	129	380	206	159	343	176	74	327	7	365	216	102	65	78	125	121	143	142	252	66	25	80	119	245	69	184	249	303	272	278	210	11	178	113	269	369	335	96	337	97	348	385	42	171	93	30	361	58	326	122	193	208	325	17	157	6	79	85	49
1	278	171	370	206	248	369	122	262	80	164	66	252	361	85	55	91	216	6	113	175	344	157	365	7	30	275	249	73	345	321	187	81	178	245	380	335	16	35	176	93	77	184	129	67	256	76	208	42	221	79	159	326	65	121	236	96	169	97	36	5	303	272	180	385	58	49	302	11	125	337	283	290	348	17	102	119	269	223	94	193	13	74	210	142	112	150	143	289	294	69	343	25	325	327	78	330
1	96	69	365	326	283	302	184	269	11	30	93	289	187	176	122	327	321	348	49	76	369	208	345	77	256	206	303	159	210	67	380	221	290	248	143	361	252	79	121	150	91	73	65	278	97	164	80	344	113	157	35	119	370	175	78	171	74	275	125	193	335	385	7	58	17	94	102	178	337	216	330	169	81	142	13	42	66	245	112	6	272	16	262	85	343	5	180	325	36	249	236	294	223	25	129	55
1	73	35	369	335	345	180	66	272	221	96	58	78	11	337	269	289	55	121	30	67	143	348	302	16	171	303	157	150	102	122	178	76	49	365	290	80	236	193	216	17	252	93	42	184	69	278	81	380	164	6	5	361	344	321	326	159	112	249	248	85	208	327	74	25	294	256	7	113	283	330	210	94	175	36	77	187	385	370	97	176	91	343	13	125	275	142	169	129	245	79	206	223	65	325	119	262
1	289	223	164	337	49	96	236	275	262	327	326	6	55	143	343	157	74	302	385	77	278	345	30	35	25	125	248	129	256	16	122	13	66	113	184	330	193	370	180	119	79	78	175	252	294	91	210	67	272	365	65	216	76	7	176	325	150	36	178	344	283	303	159	335	361	58	171	269	290	169	94	93	102	187	69	321	206	221	17	369	249	5	97	380	142	42	73	348	11	245	85	80	81	208	121	112
1	94	343	337	325	121	330	30	278	344	169	171	58	370	208	164	93	221	361	180	178	283	119	216	269	74	289	78	97	321	113	365	380	302	176	345	65	385	206	80	69	66	256	36	49	16	290	42	248	143	326	275	223	125	11	25	112	13	252	6	303	129	73	262	159	35	7	55	369	348	81	175	102	187	79	122	245	96	85	77	335	184	272	67	157	91	249	210	17	193	236	327	5	142	150	294	76
1	175	164	325	112	294	65	216	283	303	81	55	7	206	150	337	102	85	35	80	6	129	69	223	369	221	94	256	67	245	176	326	157	361	25	119	275	180	96	5	122	302	321	252	121	113	348	249	78	208	171	278	343	289	193	74	76	380	49	58	73	97	210	344	262	269	11	370	335	17	142	36	187	79	66	365	236	330	327	178	159	345	143	248	93	290	184	42	77	385	30	169	272	91	13	16	125
1	17	85	169	81	7	112	25	289	278	150	223	361	164	210	327	119	272	55	159	66	94	321	74	206	5	348	121	36	16	385	30	184	171	180	256	76	335	337	262	245	326	294	178	58	193	93	67	49	73	216	125	221	290	269	80	142	249	6	302	283	175	129	275	65	370	35	343	96	102	13	77	69	122	365	236	113	325	143	79	330	78	303	252	345	157	248	97	187	369	176	208	344	380	42	11	91
1	102	272	208	150	361	81	180	290	125	210	74	171	85	129	143	256	344	223	330	365	348	294	80	164	262	93	58	77	11	369	176	248	216	335	121	142	96	327	65	16	30	7	79	302	269	345	36	6	283	25	91	5	157	370	159	13	67	66	326	289	17	94	76	112	343	55	221	337	119	42	187	321	245	236	113	193	169	303	122	325	49	278	178	78	184	252	175	69	206	385	73	275	249	97	35	380
1	193	348	77	178	272	252	142	294	256	79	125	344	94	122	17	370	93	278	249	159	16	164	91	129	157	11	221	176	327	150	112	171	275	13	343	49	42	175	184	337	65	85	180	5	208	35	30	74	69	76	121	290	7	73	380	6	326	80	262	321	113	245	78	248	283	303	289	97	269	66	385	206	96	330	325	169	36	102	335	67	223	119	25	55	361	216	236	369	210	81	187	345	302	365	143	58
1	55	184	119	69	65	187	210	302	6	321	13	112	157	294	345	74	248	142	175	337	361	5	42	290	67	171	159	269	344	283	208	176	81	129	80	79	94	93	36	272	169	262	206	330	278	216	193	335	121	150	66	249	326	125	97	122	113	96	325	58	35	7	178	77	91	76	380	348	223	245	370	221	85	327	143	303	102	78	164	17	180	49	369	25	30	385	11	343	289	73	256	252	236	16	275	365
1	129	370	96	330	256	159	326	303	272	325	361	121	269	169	206	348	343	7	25	252	73	102	171	193	223	283	345	42	69	236	66	91	58	30	93	262	176	369	74	187	6	119	67	78	245	289	13	184	327	302	344	55	278	16	216	65	142	248	49	143	210	208	5	80	11	294	35	385	94	112	97	17	77	178	79	122	335	164	36	180	157	85	249	290	125	380	150	175	113	365	337	221	76	81	321	275
1	113	94	36	252	85	248	76	321	119	178	278	272	129	79	175	269	348	303	380	80	245	206	125	210	290	16	343	30	337	81	65	361	344	142	370	78	13	97	157	96	262	164	25	221	169	11	326	223	187	275	256	289	294	208	91	49	302	74	5	69	236	122	345	184	73	143	283	42	193	6	176	369	335	159	330	325	67	17	180	249	55	102	216	35	7	171	365	385	150	112	77	93	58	66	327	121
1	142	176	74	221	77	343	294	325	96	5	245	187	30	262	25	42	385	122	35	93	112	67	16	326	193	81	175	125	252	58	256	73	69	7	97	164	361	216	269	248	119	36	290	17	6	150	278	94	159	321	337	113	169	66	11	85	303	348	102	330	76	65	206	370	365	79	236	171	13	272	91	249	184	345	78	49	223	180	157	55	129	335	289	210	208	283	275	380	302	121	80	369	143	344	178	327
1	223	248	256	321	112	69	129	326	66	294	42	81	184	7	78	80	252	13	17	327	171	262	97	157	36	216	330	370	275	289	73	385	150	94	159	122	348	345	77	344	208	65	164	325	125	25	269	96	58	210	365	67	30	91	175	245	193	337	169	302	55	361	79	187	380	142	249	93	74	16	343	5	272	143	303	278	119	49	85	102	335	6	206	180	176	369	35	221	290	283	121	178	113	11	76	236
1	150	193	180	80	102	74	58	327	164	159	294	119	113	330	385	129	269	321	171	184	169	175	7	236	35	208	348	142	77	66	49	278	256	302	94	221	326	176	55	36	78	17	380	93	79	73	76	290	96	121	85	11	143	122	361	5	275	157	345	337	81	325	343	223	245	69	16	30	210	262	13	97	67	248	252	178	25	369	249	216	289	206	91	283	303	125	112	42	365	6	335	370	344	65	187	272
1	76	30	223	343	36	370	321	330	335	221	122	77	326	5	216	13	176	79	11	348	65	249	245	302	113	112	97	278	248	121	119	208	187	294	42	206	7	171	193	184	102	67	289	175	49	81	303	129	80	69	96	236	325	6	16	164	143	94	17	159	275	262	369	269	66	178	365	361	142	85	125	380	157	93	345	78	55	25	290	35	210	180	283	150	169	73	344	91	58	256	74	385	327	272	252	337
1	65	365	171	55	97	35	119	335	385	223	187	175	66	74	326	81	236	77	294	289	159	13	69	6	245	330	210	344	249	78	93	327	17	256	150	269	121	302	16	380	348	42	278	129	248	325	272	73	25	102	369	122	96	252	321	370	85	283	94	180	262	80	193	11	178	36	79	58	112	343	275	142	91	290	157	184	361	30	125	7	208	176	303	169	337	143	5	76	49	345	216	113	164	221	67	206
1	81	113	25	74	17	223	121	337	206	80	321	102	236	159	176	210	193	69	361	157	325	97	294	365	11	169	94	76	36	6	78	303	119	58	129	343	302	30	35	67	345	175	91	348	178	208	275	289	335	256	164	16	327	79	7	221	344	290	93	96	112	330	370	55	122	187	245	326	150	5	142	42	249	184	248	252	216	385	380	171	283	369	125	73	143	278	65	13	66	49	180	269	272	262	77	85
1	327	294	113	176	290	30	252	343	55	385	78	157	321	369	16	303	7	345	66	13	164	283	49	69	58	85	125	325	94	77	67	262	184	178	278	216	79	245	302	129	249	289	81	91	17	272	330	76	269	248	223	121	221	102	6	25	159	142	380	370	337	206	171	326	119	93	256	122	143	180	169	73	210	42	97	175	236	11	150	365	275	35	112	344	5	65	96	208	187	36	193	361	80	335	348	74
1	283	55	206	96	78	335	365	344	5	337	302	49	35	327	370	290	223	58	176	36	303	93	326	11	216	278	184	210	119	245	79	142	6	236	157	159	113	269	25	102	178	345	97	248	321	125	150	249	85	66	262	171	275	294	30	330	81	67	252	272	73	143	80	180	7	121	361	193	289	325	129	348	17	77	187	69	369	343	175	385	380	221	42	91	76	13	208	94	16	122	164	74	112	169	256	65
1	321	278	129	97	223	42	330	345	157	175	262	74	303	17	283	7	125	5	81	176	119	35	65	143	76	256	171	122	370	337	335	6	80	325	361	249	169	73	142	269	180	55	236	216	164	121	79	326	348	159	184	275	78	85	112	67	178	30	25	93	69	102	380	13	272	221	344	208	294	36	245	11	193	385	369	206	210	289	113	150	302	290	365	58	49	66	187	16	327	96	94	91	252	77	343	248
1	187	143	150	13	35	142	80	348	289	42	221	55	327	97	208	321	303	343	65	326	17	16	5	337	344	102	7	178	193	335	25	78	223	159	294	91	330	169	275	113	216	11	66	361	369	119	252	58	129	74	290	272	93	206	262	380	248	302	171	94	77	175	125	76	164	370	85	325	69	249	79	245	236	30	176	385	81	73	365	112	121	283	6	256	345	49	36	122	96	180	210	278	184	67	269	157
1	370	345	69	122	275	79	42	361	58	245	380	76	93	16	119	221	78	91	36	325	35	272	249	348	248	55	262	369	303	129	150	25	142	97	5	66	175	102	252	143	81	344	96	65	283	223	385	159	294	13	302	184	171	289	67	365	176	330	112	7	269	11	6	178	290	125	157	17	343	236	206	85	327	169	208	73	187	256	337	77	80	121	335	74	216	180	193	164	94	210	321	49	30	113	278	326
1	216	67	78	256	325	119	283	365	79	121	210	169	249	58	248	180	36	150	348	85	326	159	129	380	175	30	96	55	65	125	303	193	208	289	335	69	290	184	17	262	143	330	343	337	76	176	35	206	6	73	122	97	236	142	94	321	11	164	327	66	171	302	187	102	13	81	42	157	25	294	223	80	5	272	344	275	345	252	221	93	369	178	370	385	113	269	361	74	91	278	49	77	16	7	112	245
1	330	122	326	171	129	361	345	369	193	216	102	94	79	25	365	169	245	17	121	125	335	150	119	178	321	96	73	262	42	248	157	85	348	78	208	35	49	66	294	13	290	210	275	283	67	337	5	303	176	93	269	69	206	36	256	55	221	278	289	385	159	180	11	7	77	175	187	6	325	223	65	81	142	91	380	249	302	236	76	58	143	113	344	327	164	272	80	112	252	184	30	16	343	74	97	370
1	337	321	236	30	289	326	248	370	35	176	345	290	69	385	245	143	294	93	6	142	206	73	78	187	121	164	278	330	129	36	249	5	157	252	303	171	178	122	58	210	380	283	112	125	175	85	159	275	193	184	55	256	343	17	49	216	80	76	91	269	96	369	361	302	102	348	119	79	327	25	325	208	150	13	42	97	365	16	81	66	344	11	65	272	221	262	335	169	77	67	113	7	74	180	94	223
1	345	262	303	73	326	208	369	380	142	283	180	30	5	289	344	49	65	25	337	245	157	58	335	221	330	184	66	102	361	370	193	36	176	206	6	150	164	272	325	7	113	302	69	365	55	248	17	79	125	385	13	159	249	223	96	210	175	122	236	91	93	290	81	169	74	216	80	85	78	129	119	121	294	16	11	35	143	275	321	327	178	76	187	252	67	77	348	256	343	269	278	112	97	94	171	42
1	159	79	302	361	210	7	93	385	113	171	17	129	178	216	66	325	122	175	256	278	180	81	102	252	69	335	208	5	13	184	290	164	94	345	169	11	78	6	321	142	289	150	344	73	249	96	221	143	30	348	193	187	369	67	119	35	343	303	283	176	80	25	16	294	36	97	77	49	330	55	262	112	76	125	91	380	58	365	275	121	327	236	272	337	206	85	74	65	248	157	326	245	370	223	42	269